0 	0 	0 	0
0.010101 	1.87896e-09 	-2.95417e-07 	0.019337
0.020202 	3.13414e-09 	-5.90996e-07 	0.0386739
0.030303 	4.38932e-09 	-8.86574e-07 	0.0580109
0.040404 	5.6445e-09 	-1.18215e-06 	0.0773479
0.0505051 	-2.19655e-08 	-1.10779e-06 	0.0856948
0.0606061 	-6.5911e-08 	-8.24066e-07 	0.0878222
0.0707071 	-1.09856e-07 	-5.40343e-07 	0.0899496
0.0808081 	-1.53802e-07 	-2.5662e-07 	0.0920769
0.0909091 	-1.97747e-07 	2.71027e-08 	0.0942043
0.10101 	-2.05394e-07 	7.6426e-07 	0.0957444
0.111111 	-1.98754e-07 	1.66544e-06 	0.0970721
0.121212 	-1.92114e-07 	2.56662e-06 	0.0983998
0.131313 	-1.85474e-07 	3.4678e-06 	0.0997275
0.141414 	-1.78835e-07 	4.36898e-06 	0.101055
0.151515 	-1.56268e-07 	5.92572e-06 	0.102117
0.161616 	-1.30576e-07 	7.61108e-06 	0.103127
0.171717 	-1.04884e-07 	9.29644e-06 	0.104137
0.181818 	-7.91922e-08 	1.09818e-05 	0.105146
0.191919 	-5.35004e-08 	1.26672e-05 	0.106156
0.20202 	-4.3977e-08 	1.43108e-05 	0.106859
0.212121 	-3.58823e-08 	1.59497e-05 	0.107523
0.222222 	-2.77877e-08 	1.75887e-05 	0.108187
0.232323 	-1.9693e-08 	1.92277e-05 	0.108851
0.242424 	-1.15984e-08 	2.08667e-05 	0.109514
0.252525 	-3.50376e-09 	2.25057e-05 	0.110178
0.262626 	4.59089e-09 	2.41447e-05 	0.110842
0.272727 	1.26855e-08 	2.57836e-05 	0.111506
0.282828 	2.07802e-08 	2.74226e-05 	0.11217
0.292929 	2.88748e-08 	2.90616e-05 	0.112834
0.30303 	2.98492e-08 	2.88073e-05 	0.113169
0.313131 	3.14109e-08 	2.82062e-05 	0.113445
0.323232 	3.29727e-08 	2.76052e-05 	0.11372
0.333333 	3.45345e-08 	2.70041e-05 	0.113995
0.343434 	3.60962e-08 	2.64031e-05 	0.11427
0.353535 	3.7658e-08 	2.5802e-05 	0.114545
0.363636 	3.92197e-08 	2.52009e-05 	0.114821
0.373737 	4.07815e-08 	2.45999e-05 	0.115096
0.383838 	4.23433e-08 	2.39988e-05 	0.115371
0.393939 	4.3905e-08 	2.33977e-05 	0.115646
0.40404 	4.37557e-08 	2.16173e-05 	0.115775
0.414141 	4.28938e-08 	1.93457e-05 	0.115842
0.424242 	4.2032e-08 	1.70742e-05 	0.115909
0.434343 	4.11702e-08 	1.48026e-05 	0.115976
0.444444 	4.03083e-08 	1.2531e-05 	0.116044
0.454545 	3.94465e-08 	1.02595e-05 	0.116111
0.464646 	3.85846e-08 	7.98793e-06 	0.116178
0.474747 	3.77228e-08 	5.71637e-06 	0.116246
0.484848 	3.68609e-08 	3.4448e-06 	0.116313
0.494949 	3.59991e-08 	1.17324e-06 	0.11638
0.505051 	3.34597e-08 	-1.09702e-06 	0.116381
0.515152 	2.92218e-08 	-3.3667e-06 	0.116313
0.525253 	2.49839e-08 	-5.63638e-06 	0.116246
0.535354 	2.0746e-08 	-7.90606e-06 	0.116179
0.545455 	1.65081e-08 	-1.01757e-05 	0.116111
0.555556 	1.22702e-08 	-1.24454e-05 	0.116044
0.565657 	8.03233e-09 	-1.47151e-05 	0.115977
0.575758 	3.79444e-09 	-1.69848e-05 	0.115909
0.585859 	-4.43451e-10 	-1.92545e-05 	0.115842
0.59596 	-4.68134e-09 	-2.15241e-05 	0.115774
0.606061 	-8.65091e-09 	-2.33053e-05 	0.115646
0.616162 	-1.19721e-08 	-2.39059e-05 	0.115371
0.626263 	-1.52933e-08 	-2.45066e-05 	0.115096
0.636364 	-1.86145e-08 	-2.51072e-05 	0.11482
0.646465 	-2.19356e-08 	-2.57079e-05 	0.114545
0.656566 	-2.52568e-08 	-2.63085e-05 	0.11427
0.666667 	-2.8578e-08 	-2.69092e-05 	0.113995
0.676768 	-3.18992e-08 	-2.75098e-05 	0.11372
0.686869 	-3.52204e-08 	-2.81105e-05 	0.113444
0.69697 	-3.85416e-08 	-2.87111e-05 	0.113169
0.707071 	-3.93794e-08 	-2.89673e-05 	0.112834
0.717172 	-4.01855e-08 	-2.73301e-05 	0.11217
0.727273 	-4.09916e-08 	-2.56928e-05 	0.111506
0.737374 	-4.17977e-08 	-2.40556e-05 	0.110842
0.747475 	-4.26038e-08 	-2.24183e-05 	0.110178
0.757576 	-4.34099e-08 	-2.07811e-05 	0.109514
0.767677 	-4.4216e-08 	-1.91438e-05 	0.10885
0.777778 	-4.5022e-08 	-1.75066e-05 	0.108186
0.787879 	-4.58281e-08 	-1.58693e-05 	0.107522
0.79798 	-4.66342e-08 	-1.42321e-05 	0.106859
0.808081 	-4.69252e-08 	-1.25899e-05 	0.106156
0.818182 	-4.83338e-08 	-1.09029e-05 	0.105146
0.828283 	-4.97425e-08 	-9.21598e-06 	0.104136
0.838384 	-5.11512e-08 	-7.52902e-06 	0.103126
0.848485 	-5.25598e-08 	-5.84205e-06 	0.102117
0.858586 	-5.31691e-08 	-4.28205e-06 	0.101055
0.868687 	-4.9713e-08 	-3.36775e-06 	0.0997271
0.878788 	-4.62568e-08 	-2.45345e-06 	0.0983994
0.888889 	-4.28007e-08 	-1.53914e-06 	0.0970718
0.89899 	-3.93445e-08 	-6.24841e-07 	0.0957441
0.909091 	-3.38371e-08 	1.25002e-07 	0.0942037
0.919192 	-2.61276e-08 	4.21183e-07 	0.0920762
0.929293 	-1.84181e-08 	7.17363e-07 	0.0899488
0.939394 	-1.07086e-08 	1.01354e-06 	0.0878214
0.949495 	-2.99908e-09 	1.30972e-06 	0.085694
0.959596 	1.81668e-09 	1.37434e-06 	0.0773386
0.969697 	1.53008e-09 	1.03066e-06 	0.0580015
0.979798 	1.24348e-09 	6.86981e-07 	0.0386645
0.989899 	9.56873e-10 	3.43299e-07 	0.0193274
0.999994 	0 	0 	0
